9
6
8
5
16
10
14
12
4
15
15
9
11
8
12
7
13
6
12
7
8
8
18
3
15
13
11
13
16
3
14
15
10
12
5
13
9
7
7
12
15
11
9
3
14
10
11
14
18
9
8
14
11
9
11
9
10
6
14
13
1
14
10
13
14
5
4
10
12
13
12
10
7
13
13
11
11
18
9
11
11
14
19
11
14
5
12
11
15
15
8
14
10
16
10
9
11
7
9
10
10
10
11
12
11
15
7
12
14
15
14
13
9
10
9
10
6
11
10
8
10
12
11
17
10
7
9
3
12
15
9
10
15
16
17
10
5
8
14
13
10
13
13
12
14
5
10
13
8
12
18
14
17
5
13
19
9
10
8
7
14
8
13
11
12
9
10
10
9
8
12
14
19
14
11
5
14
10
10
13
13
11
17
13
13
12
10
16
8
13
12
11
15
5
6
10
10
14
17
7
12
10
11
9
3
8
10
17
10
10
15
10
9
8
8
9
15
14
6
8
12
15
12
8
10
12
11
12
5
14
9
13
8
3
11
12
12
11
10
9
7
8
12
7
13
12
9
8
8
13
9
12
11
11
10
10
7
7
8
10
11
6
7
14
6
8
10
9
7
7
13
14
11
13
14
11
17
13
14
7
7
11
13
12
11
10
9
9
9
10
12
9
9
8
8
14
4
12
6
13
9
10
15
12
6
12
13
7
7
14
15
19
13
7
8
11
8
8
7
7
9
14
9
7
13
11
12
18
11
8
11
13
12
